207

sing. 11111111 14. (111. sing. 133113 Vlb

’ 1

11, 3311113111 4 6. 11113111. 13111. 333113 13111 p. 40, Vb 12
1115. 133.111.11111.13331131111 18133113 13131131 1131111 IV 31, 1311113111 fecerint

111135. abl. pl. 13311111111118, 3311-
nes-lun 111 11

331131151818111151111891026
27 111· 2811136 37 quinquiens 38 46
47 quinquiens 48 VIb 29 30 quin·

“ quiens 31 50 53 53 55 55 1111146 51

5211111) 3, 33111 sunt 1111 15 27 36
46 1111129. 311 sisVlb 7 7 26, 3111111
26, 3311111 23 23. 31 311 Va 6 24 27
Vb 3 7, in 1113131 1111 38 4811111311
111128. 31113 sint Vllb 4, 313 111 6.
313111331111111 2, 313111 26 20 Vb

lb 34, 1331113111 Vlla 43. 131111 113111
111 16, 13111 1111 22. 13113113111111
17, 1113 Va 23 11111. 131111 113113 11
4572930321111115791824
283132111201113131 32111113
22 47 111113 4, 13111113911 12
13 13 14 16 17 17 20 22 24 25 25
2626282811) 233625 27 2932
43 444411124678911 11 12
13111 14 111) 7 10 26 (incisum 331
13111) 29 111122 565757 58111 59
Vlb 11312 3 1115 19 19 20 20 22

5. cf. 1313111, vide p. 194
331 ibit, vide 313
3313 1313311111 15 15. 33111 13111111 llb 24.
3313 p. 42, istud 11 1 1111 1 1111162 1113 11311111) 13. 131111131-1313133)
63 Vlla 51. 13111 istapl. 1111111. p. 148, lucibile llb 9
lla2 ll b 23. istu? 1133111111. up. 176. 1311131133 1111111111 1111 2
vide p. 193 131 111 Vb 1015. 13111 1111131159 14
33111 ipss p. 193, lla 40 lV 15 131313 111111 p. 65 11188, 111112, 13313
1131152011171211168 13 18 20 1111144,13311111112

111 23 24 37 43 43 44 111 4513146
46551111134467111374141
42 42 53 53 54 54, 1131111111141.

2211119131517111319111115ᾋ 1313161111) ll

Vlla 37 44 46 51 1333111111. l 1111111111).155,111 16 18

31313113 1111111111) 64, 3131331111] 65111111 1311113 quasi 33131111 p. 124, lla 4
l. 31313 itale p. 197, 111111, 3111111111 1313 111111 111111311-

21 22 131131 lactentes 1165, 11 14, 1111311111

11311111 1111111111 6 31311111 111331. min. 4

11131113 ad 11111313 p. 164, lll 34. 11131 1118111 holera p. 32, 111 11
1111111311 18 18. 11111 1113131111 35 111311111111111111 50. 13133113111111
38 43 48 53. 1113111 1111131111 14. 26· 111111 13110111 17 19 26 27 33
31133 111111311118, 1111 p. 18531189, 34 Ilb 12 12 13 14 14 15 1311616
115233445566 1111150 5011111113 11111113 111 13

31111113 111 10 14 111 6 33 1111 12 Ill 11111113 quasi in feretrum p. 155, 11116.
20 lV 21 Vlb 48 Vlla 39, 3311111111 errore seriptum 131-11111 pro 1111111525
54. 11111311111311111, 3131311115 1311111 quasi in feretro p. 62, 11413
23 23, 111113 Vlb 51 52 65 Vlla 1. 22 11136 25 (1131111313) 11131 1111
1131 15111113 2, 331 Vl a 6. inst ierit 57 Vlb l 19 43 45 Vlla 4
11117, 111 ibitur Vlb 54. 133 itum 1131131-1111111111111111116,1331111-3111111
3111 p. 82, lb 8 1313 fetu vide 1311-

31313131111 111311111113119411183, lb 11313 1 figendo libum p. 61 11 182, 111
16, 313131311111111111 53 53, 1113131313- 18 19, ficiam Vlla 42, 1313 Vla 56
11311111 Vlb 55 59 11111 2420 23 44 46 Vlla 48

eu 31113111 vide 33111 54. gen. 1111133 111 41

1111111 11111111 ,1.111, 111 3 11 111311113131, la 13

1131131 escas IV 27 11111 1111111131

 

