220

41 (15551155 iunctum), 1551531 (155.)
35 115 13 (loe), 1551551115 5394445

15555555 transvorso p. 199, Vlla 25

11555 deo 655555 p. 64, 15 8, 15555 Trebu
651. 115 58

1555511 versatur p. 44 51 194, 115 8

15551555 Trebulanos p. 52, 115 47, Tre·
51555 15 9. 1155155155 Treblanis 115
19 58 59 115 2 4 21 23 44 46 Vlla
5 7 53, ,1555155515 11522 111542,
1555515555 15 2 7

tres tres 157 14 20 2415 1431, 155
15 3 11 15 21 43, 1511152411558
115 1 3 19 22 43 45 11153041 52,
treis 115 22. 15115 1515 11 2, 15115-
555155 p. 200, 15212222 11525
25, 1515555 11555 Vlla 51. 1515 151-
555111 13 18

1555555 pro tribu p. 95, 11125 30. 555.
1511515 16, 15115115 58 Vlla 47.
gen. 1511511554 59 Vlla 12 48.
651. 15115 Vlla ll

15551151551551551155.100,11560111549

1555555 tabernaculo 551. p. 44, 115. 2 10

15155155 τριττὺς 55551151511515 159. 551.
1515515155 115 54

15115555 5165 tres

1515155 triplis Va 21 .

’ ,1551115555 5165 11551-

115511115 Τ551116155 inser. min'o‘ 5174

155 5165 15555

luder finem Vla 1011. 1555555 1151555
11511 11548. 11515551υά555 51
Pater in nummis inser. 5151575177.
1565555 nom. pl. 5. 48, 115 12. 555.
51. 1551555 115 15 16. 15655515 1151-
tum 115 ,3

151 155155 5165 ‹lu- 55515

1551515 Turpleia an 115515151 1555155515.
4 p. 175. 155151 5151555555 ibidem

15555 vide 1555

Tarso dea 555. 115 58 61 Vlla 47 49.
gon. 155555 Vlla 46. dal. 1555511
1911154153,1555153149

1555115 terreto 5100, 11560 Vlla 40,
155515 15 40. 1555111515 torrento Vlla

51, 15551515 15 41. 1555155115 terre
551551115 2 ’

Turonas Etruscum 15 17, 1555555115
58 111547. gen. 1155555115 54 59
Vlla 1248. 651. Tuosne Vlla 12

1515 5165 lota-m

151555 Τ5155515555.1515. 7 5165 tuda

1555 155 5165 lover

1555 655 5165 65-

1 vocalis

ndelu adolete Ill 121130

5155155 opertis? p. 168, 11 22

55155 auctor 111 7 9, 551555 auctorem
111 4. 5155 55155115, 5165 551

5155 5165 ocor

515 5115 11155 5192, 11555, 5151518
1555151515) 15 25 2815 4 51. orer

55555 omen unguen p. 146, 115 19 34.
551. 55555 115 38, 55511520

55515 unguite 11538 11 13

555 55555115 6 8

55515 5165 555155

5555 555 vide 5555

551515 orbitam p. 148, 115 23

55555155 urnariis, feriis p. 28 51 129, 15
2 15. 5555555515515111 3

55155 vide ortem

55555 5165 555

5515515 5165 5515565

551115 5551111 551 55511155 loo. sing„
tempore 5128, 115 15111 2

515 551 5165 515

5155 11555 p. 145, 115 15

55555 5165 551

555 15 umero vide 5555

1 consonans

V 5515 praenominis 5111511 inser. min.
1 bis 512

555555555511555 p. 81 15 anter 5515555
15 8, 55555 555555 lp. 179) 115 47

5555155555551551551 p. 57, supinum lb
8(5. 82). 55151555 555115151555115 37,
55551551 115 47 115 30, 555515115 27.
55551555-5115 47 5197

555555 sella abl. p. 47. plur. 551. eaper-
555 115 9, 5555555515 55 sellis 115

 

